m1 = 2000;
k1 = 16000;
b = 3000;
k2 = 60000;
m2 = 20;